m = 0.01; 
R = 0.015; 
d = 0.03; 
L = 0.34; 
J =  9.0e-7; 
 

